20,180, 300,360, 100,390, 90,150
90,150, 95,50, -20,-30, 110,130
110,130, 230,290, 120,210, 150,150
150,150 160,150, 170,160, 190,240
190,240, 170,140, 200,140, 260,300
260,300, 300,420, 170,250, 220,190
220,190, 260,200, 260,260, 260,270
260,270, 265,150, 270,260, 300,290
287,270, 275,200, 300,230, 310,280
310,280, 310,230, 340,260, 340,310
340,300, 410,370, 315,220, 365,260
300,310, 300,310, 340,350, 340,350
350,400, 630,540, 430,590, 420,300
420,300, 425,200, 310,120, 440,280
460,250, 540,440, 460,490, 490,400
490,400, 510,350, 540,350, 560,500
560,500, 530,150, 640,150, 640,180
580,270, 650,360, 560,360, 590,270
590,270, 610,250, 640,250, 640,290
600,360, 600,360, 620,370, 620,370
630,340, 630,340, 630,290, 630,290 
630,330, 710,410, 620,260, 665,300
675,365, 755,375, 665,265, 675,335
715,440, 690,420, 690,345, 715,325
710,340, 780,400, 690,400, 720,340
720,340, 730,330, 750,330, 760,350
740,380, 820,500, 760,250, 700,240 
700,240, 710,350, 800,250, 820,340
840,300, 820,320, 830,450, 870,580
870,580, 910,630, 930,580, 900,380
900,380, 890,130, 780,130, 870,530
920,250, 925,250, 925,245, 920,250