20,180, 300,360, 100,390, 90,150
90,150, 95,50, -20,-30, 110,130
110,130, 230,290, 120,210, 150,150
150,150 160,150, 170,160, 190,240
190,240, 170,140, 200,140, 260,300
260,300, 300,420, 170,250, 220,190
220,190, 260,200, 260,260, 260,270
260,270, 265,150, 270,260, 300,290
287,270, 275,200, 300,230, 310,280
310,280, 310,230, 340,260, 340,310
340,300, 410,370, 315,220, 365,260
300,310, 300,310, 340,350, 340,350

350,400, 630,540, 430,590, 420,300
420,300, 425,200, 310,120, 440,280

460,250, 540,440, 460,490, 490,400
490,400, 510,350, 540,350, 560,500
560,500, 530,150, 640,150, 640,180

580,250, 650,340, 560,340, 590,250
590,250, 610,230, 620,230, 620,250
600,340, 600,340, 620,350, 620,350